10
1021
1026
1040
1076
109
1097
1105
1150
1152
1174
1182
1214
1220
1241
1246
1251
1254
1268
1277
129
1299
132
1335
1337
1359
1367
1368
1369
1371
1402
1405
1419
1442
1470
1471
1501
151
1535
1564
1629
1634
1648
1666
1679
1694
1708
1717
1729
1732
1769
1770
178
1793
1794
1795
180
183
1832
1835
1845
1847
1848
1855
1876
188
1886
1887
1888
1889
1890
1892
1911
1925
1938
1939
1940
1941
1948
1955
1959
1969
1973
1983
1987
1990
1991
1992
1993
1995
1998
2004
202
2036
2037
2048
2050
2057
2058
2059
2060
2064
2072
2084
2087
2094
2099
2120
2129
2157
2158
2180
2244
2248
2280
2302
2335
2354
2368
2397
2411
243
2433
2437
2489
2496
2520
2534
2536
2548
2552
2553
2578
2581
2583
2595
2601
2623
2627
2628
264
2658
2670
2672
2676
2678
2718
2732
2738
2747
2753
2765
2768
2785
2788
2789
282
2821
2828
2830
2831
2857
2858
2872
2877
2881
2891
2906
2956
2990
2991
2998
3006
3011
3030
3036
3050
3060
3091
3093
313
315
3163
3178
3196
3202
3203
3215
3216
3227
3229
3230
3241
3242
3252
3266
3281
3282
3285
3287
329
3296
3300
3327
3329
3330
3348
335
3367
3369
3378
3387
3392
3404
3412
3427
3436
3439
3443
345
3453
3466
3467
347
3472
3473
3476
348
3490
3507
3510
3511
3520
3523
3525
3526
3527
3535
3546
3549
3559
3575
3581
3596
3618
3623
363
364
3659
3667
3681
3691
3720
373
374
3762
3788
3838
3844
3845
3847
3849
3850
3851
386
3862
3864
387
396
397
411
412
413
426
429
431
449
456
461
478
48
484
500
502
508
510
586
601
604
61
613
671
676
682
686
687
696
697
704
71
717
730
758
782
81
850
856
865
878
88
886
89
904
905
908
924
926
935
938
942
943
954
955
956
961
963
970
971
973
98
